0
1.24175036
2.483209133
3.724375725
4.965249062
6.205828667
7.446113586
8.686102867
9.925795555
11.16519165
12.4042902
13.64308929
14.88158989
16.11979103
17.3576889
18.59528542
19.83258057
21.06957245
22.30625916
23.54264259
24.77872086
26.01449013
27.24995422
28.48510933
29.71995735
30.95449448
32.1887207
33.42264175
34.65624237
35.889534
37.12251282
38.35517883
39.58752823
40.819561
42.05128098
43.28268051
44.51376724
45.74452972
46.97497559
48.20510483
49.43490601
50.66439056
51.89355087
53.12238693
54.35089874
55.57909012
56.80695724
58.03449249
59.26170349
60.48858643
61.7151413
62.9413681
64.16726685
65.39283752
66.61806488
67.8429718
69.0675354
70.29177856
71.51567841
72.73924255
73.96247864
75.1853714
76.40792847
77.63014984
78.85203552
80.07357788
81.29477692
82.51564026
83.73616028
84.95632935
86.17617035
87.3956604
88.61480713
89.83361053
91.05206299
92.27017212
93.4879303
94.70535278
95.92241669
97.13913727
98.35549164
99.57151031
100.787178
102.0024872
103.2174454
104.4320526
105.6463013
106.860199
108.0737381
109.2869186
110.4997482
111.7122192
112.924324
114.1360779
115.3474731
116.5584946
117.769165
118.9794769
120.189415
121.3989944
122.6082077
123.8170624
125.0255432
126.2336655
127.4414139
128.6487885
129.8558044
131.0624695
132.2687378
133.4746552
134.6801758
135.8853455
137.0901489
138.2945557
139.4985962
140.7022858
141.9055786
143.1085052
144.3110504
145.5132141
146.7149963
147.9164124
149.1174469
150.3181
151.5183563
152.7182617
153.9177704
155.1168976
156.3156281
157.5139923
158.7119751
159.9095764
161.106781
162.3035889
163.5000153
164.6960602
165.8917084
167.0869751
168.2818604
169.4763489
170.6704407
171.864151
173.0574646
174.2503662
175.4429016
176.6350403
177.826767
179.0180969
180.2090607
181.3995972
182.5897369
183.7794952
184.9688416
186.1578064
187.3463593
188.5345154
189.7222595
190.9096069
192.0965576
193.2830963
194.4692383
195.6549835
196.8403168
198.0252228
199.2097473
200.3938599
201.5775604
202.7608643
203.9437561
205.126236
206.3083038
207.4899597
208.6712036
209.8520355
211.0324402
212.2124481
213.3920593
214.571228
215.75
216.92836
218.1062775
219.2837982
220.4608917
221.6375732
222.8138428
223.9896851
225.1651001
226.3401031
227.5146942
228.6888428
229.8625793
231.0359039
232.2087708
233.3812408
234.553299
235.7249146
236.8961029
238.0668488
239.2371979
240.4071045
241.5765839
242.745636
243.9142609
245.0824585
246.2502289
247.4175568
248.5844574
249.7509155
250.9169464
252.08255
253.2477112
254.4124451
255.5767517
256.7406311
257.9040222
259.0670166
260.2295837
261.3916626
262.5533447
263.7145691
264.8753662
266.0357361
267.1956482
268.3551025
269.5141296
270.672699
271.8308716
272.9885559
274.145813
275.3026123
276.4589844
277.6148987
278.7703857
279.9253845
281.0799561
282.2341003
283.3877563
284.5409851
285.6937866
286.8461304
287.9979858
289.1494141
290.3003845
291.4508972
292.6009827
293.7505798
294.8997498
296.0484314
297.1967163
298.3444824
299.4918213
300.6387024
301.7851257
302.9311218
304.0765991
305.2216187
306.3662415
307.5103455
308.6540222
309.7972107
310.9399719
312.0822449
313.2240601
314.365387
315.5062866
316.646698
317.7866821
318.926178
320.0651855
321.2037354
322.3418579
323.4794617
324.6166077
325.7533264
326.8895264
328.0252686
329.160553
330.2953796
331.429718
332.5635681
333.6969604
334.8298645
335.9623108
337.0942993
338.2257996
339.3568115
340.4873657
341.6174316
342.7470398
343.8761597
345.0047913
346.1329346
347.2606201
348.3878174
349.5145874
350.6408386
351.7666016
352.8918762
354.0166626
355.1409912
356.2648315
357.3881836
358.5110474
359.6334534
360.7553711
361.87677
362.9977112
364.1181641
365.2381287
366.357605
367.476593
368.5950928
369.7131042
370.8306274
371.9476624
373.064209
374.1802673
375.2958069
376.4109192
377.5254822
378.6395874
379.7531738
380.866272
381.9788818
383.0910339
384.2026367
385.3137512
386.424408
387.5345459
388.644165
389.7533264
390.861969
391.9701233
393.0777893
394.184906
395.2915649
396.3977356
397.5033875
398.608551
399.7131958
400.8173523
401.9210205
403.0241699
404.1268005
405.2289429
406.3305969
407.4317322
408.5323486
409.6324768
410.7321167
411.8312378
412.9298401
414.0279541
415.1255493
416.2226563
417.3192139
418.4152832
419.5108643
420.6059265
421.70047
422.7945251
423.888031
424.9810486
426.0735474
427.1655273
428.257019
429.3479919
430.438446
431.5283813
432.6178284
433.7067261
434.7951355
435.8829956
436.9703674
438.057251
439.1435547
440.2294006
441.3146973
442.3994751
443.4837341
444.5675049
445.6507263
446.7333984
447.8156128
448.8972778
449.9784241
451.059082
452.1391907
453.2187805
454.297821
455.3763428
456.4543762
457.5318604
458.6088257
459.6852722
460.7612305
461.8366394
462.911499
463.9858398
465.0596619
466.1329651
467.205719
468.2779541
469.3497009
470.4208679
471.4915161
472.5616455
473.6312561
474.7003174
475.7688599
476.8368835
477.9043274
478.971283
480.0377197
481.1035767
482.1689453
483.2337646
484.2980652
485.3617859
486.4250183
487.4877014
488.5498657
489.6114502
490.6725464
491.7331238
492.7930908
493.8526001
494.9115295
495.9699097
497.027771
498.0851135
499.1419067
500.1981812
501.2538452
502.309021
503.363678
504.4177551
505.4713135
506.5243225
507.5768127
508.6287231
509.6801147
510.730957
511.781311
512.8310547
513.880249
514.9289551
515.9770508
517.0246582
518.0717163
519.1181641
520.1641235
521.2095337
522.2544556
523.2987671
524.3425293
525.3857422
526.4284058
527.47052
528.512085
529.5531616
530.5936279
531.6335449
532.6729126
533.711792
534.750061
535.7877808
536.8249512
537.8616333
538.8977051
539.9332275
540.9682007
542.0026855
543.0365601
544.0698242
545.1026611
546.1348267
547.1665039
548.1976318
549.2281494
550.2582397
551.2876587
552.3165283
553.3449097
554.3726196
555.3999023
556.4265137
557.4526978
558.4782104
559.5032349
560.5276489
561.5515747
562.5748901
563.5976563
564.619812
565.6415405
566.6625977
567.6831055
568.703125
569.7224731
570.741394
571.7596436
572.7774048
573.7945557
574.8111572
575.8272095
576.8427124
577.8575439
578.8719482
579.8857422
580.8989868
581.9116211
582.9237671
583.9353027
584.9462891
585.956665
586.9664917
587.9758301
588.9845581
589.9926758
591.0002441
592.0072632
593.0137329
594.0195923
595.0249023
596.0296631
597.0338745
598.0374146
599.0404663
600.0429688
601.0448608
602.0462036
603.0469971
604.0471802
605.046814
606.0458984
607.0443726
608.0422974
609.0396118
610.036377
611.0325928
612.0282593
613.0233154
614.0177612
615.0117188
616.0050659
616.9978638
617.9900513
618.9816895
619.9727173
620.9631958
621.953064
622.9423828
623.9312134
624.9193726
625.9069824
626.8939819
627.8804932
628.866394
629.8516846
630.8363647
631.8205566
632.8041382
633.7871094
634.7695313
635.7514038
636.732666
637.7133179
638.6934814
639.6729736
640.6519165
641.6303711
642.6081543
643.5853882
644.5620117
645.5380249
646.5135498
647.4884033
648.4627686
649.4365234
650.409668
651.3822632
652.354248
653.3256836
654.2965088
655.2667847
656.2364502
657.2055054
658.1740723
659.1420288
660.109314
661.0761108
662.0422363
663.0078735
663.9729004
664.9373169
665.9011841
666.8644409
667.8270874
668.7891846
669.7507324
670.7116089
671.6719971
672.6317749
673.5909424
674.5494995
675.5075073
676.4649048
677.4217529
678.3779907
679.3336182
680.2886963
681.2431641
682.1970825
683.1503906
684.1031494
685.0552368
686.0067749
686.9577637
687.9081421
688.8579102
689.8071289
690.7557373
691.7037354
692.6511841
693.5980225
694.5442505
695.4899292
696.4349976
697.3794556
698.3233643
699.2666626
700.2094116
701.1514893
702.0930176
703.0339966
703.9743042
704.9141235
705.8532715
706.7918701
707.7298584
708.6672363
709.6040039
710.5402222
711.4758911
712.4108887
713.3453369
714.2791748
715.2124634
716.1451416
717.0771484
718.008606
718.9395752
719.869812
720.7994995
721.7286377
722.6571655
723.585022
724.5123901
725.4390869
726.3652344
727.2907715
728.2156982
729.1400757
730.0638428
730.9869385
731.9095459
732.8314819
733.7529297
734.673645
735.5938721
736.5134277
737.4324951
738.3508301
739.2686768
740.1858521
741.102478
742.0184937
742.9338989
743.8487549
744.7629395
745.6766357
746.5895996
747.5020752
748.4139404
749.3251343
750.2357788
751.145874
752.0552979
752.9641724
753.8724365
754.7800903
755.6871338
756.5936279
757.4995117
758.4047852
759.3093872
760.213501
761.1169434
762.0198364
762.9221191
763.8238525
764.7248535
765.6253662
766.5252686
767.4245605
768.3232422
769.2213135
770.1188354
771.015686
771.9119873
772.8076782
773.7027588
774.597229
775.4910889
776.3843994
777.2771606
778.1692505
779.06073
779.9515991
780.8419189
781.7316284
782.6206665
783.5091553
784.3970337
785.2843628
786.1710205
787.0571289
787.942627
788.8275146
789.711792
790.59552
791.4785767
792.3610229
793.242981
794.1242676
795.0049438
795.8850098
796.7645264
797.6433716
798.5216064
799.399353
800.2764282
801.1528931
802.0287476
802.9040527
803.7786865
804.652771
805.5262451
806.3991089
807.2713623
808.1430054
809.0140991
809.8845825
810.7543945
811.6236572
812.4923096
813.3604126
814.2278442
815.0946655
815.9609375
816.8265991
817.6915894
818.5560913
819.4199219
820.2831421
821.145813
822.0078125
822.8692627
823.7301025
824.590271
825.4499512
826.3088989
827.1673584
828.0252075
828.8823853
829.7390137
830.5950317
831.4504395
832.3052368
833.1594238
834.0130615
834.8660278
835.7183838
836.5701904
837.4214478
838.2720337
839.1220093
839.9713745
840.8201294
841.668335
842.5159302
843.362915
844.2092896
845.0550537
845.9002075
846.744812
847.5886841
848.4320679
849.2748413
850.1170044
850.9585571
851.7994995
852.6398315
853.4796143
854.3187256
855.1572876
855.9952393
856.8325806
857.6693115
858.5054321
859.3410034
860.1759033
861.0102539
861.8439331
862.677063
863.5096436
864.3415527
865.1728516
866.00354
866.8336792
867.663147
868.4921265
869.3203735
870.1480713
870.9751587
871.8017578
872.6276245
873.4528809
874.2776489
875.1016846
875.9251709
876.7481079
877.5703735
878.3920898
879.2131958
880.0336304
880.8535156
881.6728516
882.4915161
883.3096313
884.1270752
884.9439697
885.7602539
886.5759277
887.3909912
888.2055054
889.0193481
889.8326416
890.6453247
891.4573975
892.2688599
893.0797729
893.8900146
894.699707
895.5087891
896.3171997
897.1251221
897.932373
898.7390747
899.545166
900.3505859
901.1554565
901.9597778
902.7634277
903.5664673
904.3689575
905.1708984
905.9721069
906.7727661
907.572876
908.3723755
909.1712646
909.9694824
910.7672119
911.56427
912.3607788
913.1566772
913.9519653
914.7466431
915.5407104
916.3342285
917.1271362
917.9194336
918.7111206
919.5022583
920.2927856
921.0826416
921.8719482
922.6607056
923.4487915
924.2363281
925.0232544
925.8095703
926.5952759
927.3804321
928.164978
928.9489136
929.7322388
930.5149536
931.2971802
932.0787354
932.8596802
933.6400146
934.4197388
935.1989136
935.977478
936.7554932
937.5328979
938.3096313
939.0858154
939.8615112
940.6364746
941.4108887
942.1846313
942.9579468
943.7305298
944.5025635
945.2740479
946.0448608
946.8150635
947.5847778
948.3538208
949.1222534
949.8901978
950.6574097
951.4241333
952.1902466
952.9556885
953.7206421
954.4849243
955.2487183
956.0117798
956.774353
957.5363159
958.2976685
959.0584106
959.8186035
960.578186
961.3372192
962.0955811
962.8533936
963.6106567
964.3672485
965.123291
965.8787231
966.633606
967.3878784
968.1415405
968.8946533
969.6471558
970.3990479
971.1503906
971.901123
972.6513062
973.4008179
974.1497803
974.8981934
975.6459961
976.3931274
977.1397705
977.8858032
978.6312866
979.3761597
980.1203613
980.8640747
981.6071777
982.3496704
983.0916138
983.8329468
984.5736694
985.3138428
986.0534668
986.7923584
987.5308228
988.2686157
989.0058594
989.7424927
990.4785767
991.2140503
991.9489746
992.6832886
993.4169922
994.1501465
994.8826904
995.6147461
996.3461304
997.0769653
997.8071899
998.5368042
999.2658691
999.9943848
1000.72229
1001.449646
1002.176392
1002.902527
1003.628113
1004.353088
1005.077515
1005.801392
1006.524658
1007.247314
1007.96936
1008.690918
1009.411865
1010.132202
1010.852051
1011.571228
1012.289856
1013.007935
1013.725342
1014.442261
1015.158569
1015.874329
1016.589478
1017.304077
1018.018066
1018.731506
1019.444336
1020.156677
1020.868347
1021.579468
1022.290039
1023
