0
1.269290686
2.538352728
3.807183504
5.075780392
6.344148159
7.612285137
8.880187988
10.14786243
11.41530514
12.68251324
13.94949245
15.21623898
16.48275375
17.74903679
19.01508713
20.28090668
21.54649162
22.81184769
24.07696724
25.341856
26.60651398
27.87093735
29.13513184
30.39908791
31.66281319
32.92630386
34.18956757
35.45259094
36.71538544
37.97794342
39.24027252
40.50236511
41.76422882
43.0258522
44.28724289
45.54840469
46.80932617
48.07002258
49.33047485
50.59069824
51.85068512
53.11044312
54.3699646
55.62924957
56.88830185
58.1471138
59.40569305
60.66404343
61.92215729
63.18003082
64.43767548
65.69508362
66.95225525
68.20919037
69.46589661
70.72236633
71.97859192
73.23458862
74.49034882
75.7458725
77.00115967
78.25621033
79.5110321
80.76560211
82.0199585
83.27406311
84.52794647
85.78156281
87.03497314
88.28813171
89.5410614
90.79374695
92.04620361
93.29842377
94.55039978
95.80214691
97.0536499
98.30490875
99.55593872
100.8067398
102.0572968
103.3076096
104.5576935
105.8075409
107.0571518
108.3065186
109.5556488
110.8045425
112.0531998
113.3016052
114.5497894
115.7977295
117.0454254
118.2929001
119.540123
120.7871094
122.0338516
123.2803574
124.5266342
125.7726822
127.0184631
128.2640228
129.5093384
130.7544098
131.9992523
133.2438507
134.4881897
135.7323151
136.9762115
138.2198486
139.4632416
140.7064056
141.9493103
143.1920166
144.4344482
145.6766357
146.9186096
148.1603394
149.4018097
150.6430511
151.8840485
153.1248169
154.3653259
155.6055908
156.8456421
158.085434
159.3249969
160.5643005
161.8033752
163.0422058
164.2807922
165.519165
166.7572632
167.9951324
169.2327576
170.4701385
171.7072906
172.9441833
174.1808472
175.4172668
176.6534271
177.8893738
179.125061
180.3605194
181.5957336
182.8306885
184.0653992
185.2999115
186.5341339
187.7681122
189.0018768
190.2353821
191.4686584
192.7016907
193.9344635
195.1670074
196.3993073
197.6313629
198.8631592
200.0947266
201.3260345
202.5571289
203.7879639
205.0185699
206.2489166
207.4790039
208.7088776
209.9384918
211.1678619
212.3969879
213.625885
214.8545227
216.0829163
217.3110657
218.5389709
219.7666473
220.9940643
222.2212219
223.4481659
224.6748505
225.9013062
227.1274872
228.3534393
229.5791473
230.8046265
232.0298309
233.2547913
234.4795227
235.7039948
236.9282379
238.1522217
239.3759766
240.599472
241.8227386
243.0457306
244.2684784
245.4909973
246.7132721
247.9353027
249.157074
250.3786163
251.5998993
252.8209381
254.0417175
255.2622681
256.4825439
257.7026062
258.9224243
260.1419983
261.3612976
262.5803528
263.7991638
265.0177612
266.236084
267.4541626
268.6719666
269.8895874
271.1069031
272.3239746
273.5408325
274.7574463
275.9737549
277.1898804
278.4057007
279.6213074
280.8366699
282.0517883
283.2666321
284.4812317
285.6956177
286.9096985
288.1235962
289.3371887
290.5505676
291.7637024
292.9765625
294.189209
295.4015503
296.613678
297.8255615
299.0371704
300.2485657
301.4596863
302.6705627
303.8812256
305.0915833
306.3017273
307.5115967
308.7212219
309.9306335
311.1397705
312.3486633
313.5572815
314.7656555
315.9737854
317.1817017
318.3893127
319.5967102
320.8038635
322.0107117
323.2173767
324.4237671
325.6298828
326.8357849
328.0414124
329.2467651
330.4519043
331.6567993
332.8614502
334.0657959
335.2699585
336.4738464
337.6774902
338.8808289
340.0839844
341.2868347
342.4894409
343.6918335
344.8939819
346.0958252
347.2974548
348.4988098
349.6999207
350.9007874
352.1014099
353.3017578
354.5018616
355.7017517
356.9013367
358.100708
359.2997742
360.4986572
361.6972351
362.8955994
364.093689
365.2915039
366.4890747
367.6864014
368.8834839
370.0803223
371.2769165
372.4732361
373.669281
374.8651123
376.0606995
377.256012
378.4510193
379.6458435
380.8404236
382.0346985
383.2286987
384.4225159
385.6160583
386.8093567
388.0023804
389.1951294
390.3876648
391.5799561
392.7719727
393.9637146
395.1552124
396.3464355
397.5374756
398.7282104
399.9187012
401.1089172
402.2988892
403.4886169
404.6781311
405.8673706
407.0562744
408.2449951
409.4334717
410.6216736
411.8096313
412.9972839
414.1847534
415.3719177
416.5588379
417.7455139
418.9319153
420.118103
421.3039856
422.489624
423.6750183
424.8601685
426.0450439
427.2296753
428.414032
429.5981445
430.7820129
431.9656067
433.1489258
434.3320618
435.5148926
436.6974487
437.8797913
439.0618591
440.2436829
441.4252319
442.6065063
443.7875671
444.9683228
446.1488953
447.3291321
448.5091553
449.6889038
450.8684387
452.0476685
453.2266846
454.405365
455.5838623
456.7620544
457.940033
459.1177673
460.2951965
461.4723816
462.6493225
463.8259583
465.0023804
466.1785278
467.3544922
468.5301208
469.7054749
470.8806152
472.055481
473.230072
474.4044495
475.5785217
476.7523804
477.9259644
479.0993042
480.2723694
481.4451294
482.6176758
483.789978
484.9620361
486.1337891
487.3052979
488.476593
489.6475525
490.8182983
491.988739
493.1590271
494.328949
495.4986572
496.6680603
497.8372803
499.0061646
500.1748657
501.3432922
502.5114136
503.6793213
504.8469238
506.0143127
507.1813965
508.3482361
509.5148621
510.6811829
511.84729
513.0130615
514.1786499
515.3438721
516.5089111
517.6737671
518.8381958
520.0025024
521.1665039
522.3302002
523.4937134
524.6569214
525.8198242
526.9825439
528.1449585
529.3071289
530.4690552
531.6306763
532.7921143
533.953186
535.1140747
536.2747192
537.4349976
538.5950928
539.7549438
540.9144897
542.0737915
543.2327881
544.3916626
545.5501099
546.708374
547.866394
549.0241089
550.1815186
551.3387451
552.4957275
553.6524658
554.8088379
555.9650269
557.1209717
558.2765503
559.4319458
560.5870361
561.7419434
562.8965454
564.0508423
565.204895
566.3587036
567.5122681
568.6655273
569.8185425
570.9713135
572.1238403
573.276062
574.4279785
575.5797119
576.7312012
577.8823853
579.0332642
580.1838989
581.3343506
582.4844971
583.6343384
584.7838745
585.9332886
587.0823975
588.2312012
589.3797607
590.5280151
591.6760254
592.8237915
593.9713135
595.1185913
596.265564
597.4121704
598.5586548
599.704834
600.850769
601.99646
603.1419067
604.2869263
605.4318237
606.576416
607.7207642
608.8648682
610.008667
611.1521606
612.2954712
613.4384766
614.5812378
615.7237549
616.8659668
618.0079346
619.1495972
620.2910156
621.4321899
622.5731201
623.7137451
624.854126
625.9942627
627.1340332
628.2736206
629.4129639
630.552002
631.6907959
632.8292847
633.9675903
635.1055298
636.2432861
637.3806763
638.5178833
639.6548462
640.7915039
641.9279175
643.0640259
644.1998901
645.3355713
646.4708862
647.605957
648.7407837
649.8752441
651.0095215
652.1435547
653.2772827
654.4107666
655.5439453
656.6769409
657.8096313
658.9420166
660.0741577
661.2060547
662.3377075
663.4690552
664.6000977
665.730957
666.8615112
667.9916992
669.1217651
670.2514648
671.3809814
672.5101929
673.6390991
674.7678223
675.8962402
677.024353
678.1522827
679.2799072
680.4072266
681.5343628
682.6611328
683.7877197
684.9140015
686.039978
687.1657715
688.2912598
689.4164429
690.5413818
691.6660767
692.7904663
693.9146729
695.0385132
696.1621094
697.2854614
698.4085693
699.531311
700.6538696
701.776123
702.8981323
704.0198364
705.1412964
706.2625122
707.3834839
708.5041504
709.6245728
710.7446899
711.864563
712.9840698
714.1034546
715.2224731
716.3412476
717.4598389
718.578125
719.696106
720.8137817
721.9312134
723.0484009
724.1652832
725.2819824
726.3983154
727.5144653
728.6303101
729.7458496
730.861084
731.9761963
733.0908813
734.2053833
735.3197021
736.4336548
737.5473022
738.6607056
739.7738037
740.8867798
741.9993286
743.1116943
744.2237549
745.3355103
746.4471436
747.5584106
748.6693726
749.7800293
750.890564
752.0006714
753.1105957
754.2202759
755.3296509
756.4387817
757.5476074
758.6561279
759.7644653
760.8724976
761.9802246
763.0877075
764.1948853
765.3019409
766.4085693
767.5150146
768.6211548
769.7269287
770.8325806
771.9379272
773.0430298
774.1477661
775.2522583
776.3565063
777.4604492
778.5641479
779.6676636
780.770813
781.8736572
782.9762573
784.0786743
785.1806641
786.2825928
787.3840942
788.4854126
789.5863037
790.6870728
791.7875366
792.8877563
793.9876709
795.0872192
796.1866455
797.2858276
798.3846436
799.4830933
800.5814209
801.6794434
802.7772217
803.8746948
804.9718628
806.0688477
807.1655273
808.2619019
809.3579712
810.4538574
811.5493774
812.6447754
813.7398071
814.8344727
815.9290161
817.0233154
818.1171265
819.2108765
820.3041992
821.3973999
822.4902344
823.5828247
824.6751099
825.7672729
826.8590088
827.9504395
829.041687
830.1326294
831.2233276
832.3137207
833.4038696
834.4937744
835.583374
836.6726685
837.7617188
838.8505249
839.9390259
841.0272217
842.1151733
843.2028809
844.2902832
845.3774414
846.4643555
847.5509033
848.6372681
849.7232666
850.809082
851.8945923
852.9798584
854.0647583
855.1494141
856.2338867
857.3179932
858.4018555
859.4854736
860.5687866
861.6518555
862.7346802
863.8170776
864.899353
865.9813232
867.0629883
868.1443481
869.2255859
870.3063965
871.3869629
872.4673462
873.5473022
874.6271973
875.706665
876.7858276
877.8648071
878.9434814
880.0218506
881.1000366
882.1779175
883.2554932
884.3327637
885.40979
886.4865723
887.5631104
888.6392822
889.71521
890.7908936
891.866333
892.9414063
894.0162354
895.0908203
896.1650391
897.2391357
898.3128662
899.3862915
900.4595947
901.5325317
902.6051636
903.6775513
904.7496338
905.8214722
906.8929443
907.9643555
909.0353394
910.1060181
911.1764526
912.246582
913.3165283
914.3861694
915.4556274
916.5246582
917.5935059
918.6620483
919.7302856
920.7982178
921.8659058
922.9334106
924.0004883
925.0674438
926.1340332
927.2004395
928.2664185
929.3322754
930.3977661
931.4630127
932.5278931
933.5926514
934.6570435
935.7212524
936.7850952
937.8486938
938.9119263
939.9750366
941.0377808
942.1002197
943.1624756
944.2243652
945.2860107
946.3474731
947.4085083
948.4693604
949.5299072
950.590271
951.6502075
952.7099609
953.7694092
954.8286743
955.8875122
956.946167
958.0044556
959.0626221
960.1203613
961.1779175
962.2351074
963.2921753
964.3488159
965.4052124
966.4614258
967.5172729
968.572876
969.6281128
970.6832886
971.7379761
972.7925415
973.8466797
974.9006348
975.9543457
977.0076904
978.0608521
979.1136475
980.1661987
981.2185059
982.2705078
983.3222656
984.3736572
985.4249268
986.475769
987.5264282
988.5767822
989.62677
990.6766357
991.7261353
992.7753906
993.8243408
994.8730469
995.9215088
996.9696045
998.0175171
999.0651245
1000.112366
1001.159424
1002.206177
1003.252625
1004.298828
1005.344727
1006.390442
1007.435791
1008.480835
1009.525696
1010.57019
1011.614563
1012.658569
1013.702148
1014.745605
1015.788818
1016.831665
1017.874268
1018.916687
1019.958618
1021.000427
1022.041931
1023.08313
1024.124146
1025.164673
1026.205078
1027.245239
1028.285034
1029.324707
1030.363892
1031.402832
1032.44165
1033.480103
1034.518311
1035.556152
1036.59375
1037.630981
1038.668091
1039.704956
1040.741455
1041.77771
1042.813721
1043.849365
1044.884644
1045.9198
1046.95459
1047.989258
1049.023438
1050.057495
1051.091309
1052.124634
1053.157837
1054.190674
1055.223389
1056.255737
1057.28772
1058.31958
1059.351196
1060.382202
1061.413208
1062.443848
1063.474365
1064.504517
1065.534302
1066.563965
1067.593262
1068.62207
1069.650879
1070.679321
1071.70752
1072.735352
1073.763062
1074.790405
1075.817383
1076.844238
1077.870728
1078.896851
1079.922852
1080.948486
1081.973999
1082.999023
1084.023926
1085.048462
1086.072754
1087.09668
1088.120361
1089.143799
1090.166992
1091.189941
1092.212524
1093.234863
1094.256958
1095.278809
1096.300171
1097.321411
1098.342285
1099.363037
1100.383423
1101.403442
1102.423218
1103.442871
1104.462036
1105.481079
1106.499756
1107.518311
1108.536377
1109.554321
1110.571899
1111.589233
1112.606201
1113.622925
1114.639404
1115.65564
1116.671631
1117.687256
1118.702637
1119.717651
1120.732544
1121.74707
1122.76123
1123.775269
1124.78894
1125.802368
1126.815552
1127.828247
1128.840942
1129.853149
1130.865234
1131.876953
1132.888428
1133.899658
1134.910522
1135.921143
1136.931519
1137.941528
1138.951416
1139.960938
1140.970093
1141.979126
1142.987793
1143.996094
1145.004272
1146.012085
1147.019653
1148.026978
1149.033936
1150.040649
1151.047119
1152.053223
1153.059204
1154.064575
1155.069946
1156.074951
1157.079712
1158.084229
1159.088501
1160.092407
1161.096069
1162.099365
1163.102417
1164.105347
1165.10791
1166.110107
1167.112061
1168.11377
1169.115112
1170.116333
1171.117188
1172.117676
1173.118042
1174.118042
1175.117798
1176.117188
1177.116333
1178.115356
1179.113892
1180.112183
1181.110229
1182.108154
1183.105591
1184.102783
1185.099731
1186.096313
1187.092773
1188.088867
1189.084717
1190.0802
1191.075439
1192.070435
1193.065186
1194.05957
1195.053711
1196.047485
1197.041138
1198.034546
1199.027588
1200.020386
1201.012817
1202.005005
1202.996948
1203.988525
1204.979858
1205.970947
1206.96167
1207.952148
1208.942383
1209.932373
1210.921997
1211.911377
1212.900513
1213.889404
1214.877808
1215.866211
1216.854126
1217.841797
1218.829224
1219.816406
1220.803223
1221.789795
1222.776245
1223.762207
1224.748047
1225.733521
1226.718628
1227.703491
1228.68811
1229.672485
1230.656616
1231.640381
1232.623901
1233.607056
1234.589966
1235.572632
1236.555054
1237.537231
1238.519165
1239.50061
1240.481812
1241.462891
1242.443604
1243.42395
1244.404175
1245.384033
1246.363647
1247.342896
1248.321899
1249.300659
1250.279053
1251.257446
1252.235229
1253.212891
1254.190308
1255.167358
1256.144043
1257.120605
1258.096802
1259.072754
1260.04834
1261.023804
1261.999023
1262.973755
1263.948242
1264.922485
1265.896606
1266.870239
1267.843628
1268.816772
1269.789673
1270.762207
1271.734619
1272.706665
1273.678345
1274.649902
1275.620972
1276.591919
1277.5625
1278.532837
1279.50293
1280.472778
1281.442261
1282.411499
1283.380371
1284.348999
1285.317383
1286.285522
1287.253296
1288.220947
1289.188232
1290.155151
1291.121826
1292.088257
1293.054321
1294.020264
1294.985962
1295.951172
1296.916138
1297.880981
1298.845337
1299.809448
1300.773438
1301.737061
1302.700439
1303.663452
1304.626221
1305.588745
1306.550903
1307.512817
1308.474609
1309.435913
1310.396973
1311.35791
1312.318359
1313.278564
1314.238525
1315.198242
1316.157715
1317.116821
1318.075684
1319.03418
1319.992554
1320.950684
1321.908325
1322.865723
1323.822876
1324.779785
1325.736328
1326.692749
1327.648804
1328.604492
1329.560059
1330.515137
1331.470215
1332.424805
1333.379272
1334.333374
1335.286987
1336.240601
1337.19397
1338.146851
1339.099487
1340.05188
1341.004028
1341.955933
1342.907471
1343.858765
1344.809692
1345.760376
1346.710938
1347.661133
1348.611084
1349.560547
1350.509888
1351.458984
1352.407837
1353.356201
1354.304321
1355.252319
1356.199951
1357.147339
1358.09436
1359.04126
1359.987671
1360.93396
1361.880005
1362.825562
1363.770996
1364.716064
1365.661011
1366.605591
1367.549805
1368.493774
1369.4375
1370.380981
1371.324097
1372.266968
1373.209595
1374.151978
1375.093994
1376.035767
1376.977173
1377.918457
1378.859375
1379.799927
1380.740234
1381.68042
1382.620117
1383.559692
1384.498901
1385.437988
1386.376587
1387.314941
1388.253052
1389.190918
1390.12854
1391.065796
1392.002686
1392.939453
1393.875854
1394.812012
1395.747925
1396.683594
1397.618896
1398.553833
1399.488647
1400.423096
1401.3573
1402.291138
1403.224731
1404.158203
1405.091309
1406.024048
1406.956543
1407.888794
1408.820679
1409.752441
1410.683838
1411.614868
1412.545776
1413.476196
1414.406616
1415.33667
1416.266235
1417.195557
1418.124756
1419.053711
1419.9823
1420.910645
1421.838623
1422.766357
1423.693726
1424.621094
1425.547974
1426.474487
1427.401001
1428.327026
1429.252808
1430.178345
1431.103638
1432.028442
1432.953125
1433.877686
1434.801636
1435.725464
1436.64917
1437.57251
1438.495361
1439.418091
1440.340698
1441.262695
1442.184692
1443.106201
1444.027588
1444.948608
1445.869385
1446.789795
1447.709961
1448.630127
1449.549561
1450.468872
1451.388062
1452.306885
1453.225342
1454.143677
1455.061646
1455.979248
1456.896851
1457.813721
1458.730713
1459.647217
1460.563477
1461.479492
1462.395142
1463.310669
1464.225708
1465.140747
1466.05542
1466.969604
1467.883789
1468.797485
1469.71106
1470.624268
1471.537109
1472.449707
1473.362183
1474.274292
1475.186035
1476.097656
1477.008789
1477.9198
1478.830444
1479.740845
1480.651001
1481.560913
1482.470459
1483.379761
1484.288818
1485.19751
1486.106079
1487.014282
1487.922119
1488.829712
1489.737061
1490.644287
1491.550903
1492.457397
1493.36377
1494.269531
1495.175293
1496.080688
1496.98584
1497.890625
1498.795166
1499.699463
1500.603638
1501.507202
1502.410522
1503.313843
1504.216675
1505.119263
1506.021606
1506.923584
1507.825439
1508.726929
1509.628174
1510.529175
1511.429565
1512.3302
1513.230103
1514.130005
1515.029419
1515.928711
1516.827759
1517.72644
1518.625
1519.523071
1520.420776
1521.318604
1522.21582
1523.112793
1524.009644
1524.906006
1525.802246
1526.69812
1527.593872
1528.489014
1529.384155
1530.278931
1531.17334
1532.067749
1532.96167
1533.855469
1534.748657
1535.641968
1536.53479
1537.427246
1538.31958
1539.21167
1540.103271
1540.994873
1541.885864
1542.776855
1543.667358
1544.557861
1545.447876
1546.337646
1547.227173
1548.116577
1549.005371
1549.894043
1550.782471
1551.670532
1552.558472
1553.445923
1554.333252
1555.220215
1556.106934
1556.99353
1557.879517
1558.765503
1559.651001
1560.536499
1561.421387
1562.306396
1563.190796
1564.075073
1564.958862
1565.842651
1566.726074
1567.609131
1568.491943
1569.37439
1570.256836
1571.138672
1572.02063
1572.901855
1573.783081
1574.664063
1575.544556
1576.425049
1577.305054
1578.184814
1579.064331
1579.943604
1580.82251
1581.701172
1582.57959
1583.457642
1584.335449
1585.213013
1586.090454
1586.967285
1587.844116
1588.720581
1589.59668
1590.472656
1591.348145
1592.223633
1593.098511
1593.973389
1594.8479
1595.722168
1596.596069
1597.469849
1598.343262
1599.216431
1600.089233
1600.96167
1601.834229
1602.706055
1603.577881
1604.449341
1605.320435
1606.191284
1607.062134
1607.932373
1608.80249
1609.672119
1610.541748
1611.410889
1612.280029
1613.148682
1614.01709
1614.885254
1615.753174
1616.620605
1617.488037
1618.35498
1619.221802
1620.088257
1620.954468
1621.820435
1622.686035
1623.551392
1624.416504
1625.281372
1626.145874
1627.010254
1627.874146
1628.737915
1629.601318
1630.4646
1631.327393
1632.190063
1633.052368
1633.914307
1634.776123
1635.637573
1636.498901
1637.359863
1638.220581
1639.080933
1639.941162
1640.800903
1641.660522
1642.519897
1643.378784
1644.237549
1645.095947
1645.954346
1646.812134
1647.6698
1648.5271
1649.384155
1650.240967
1651.097534
1651.953857
1652.809814
1653.665527
1654.520996
1655.376099
1656.231079
1657.085571
1657.939941
1658.794067
1659.647827
1660.501343
1661.354492
1662.207642
1663.060181
1663.912476
1664.764771
1665.616577
1666.468262
1667.319336
1668.17041
1669.021362
1669.871704
1670.721924
1671.571899
1672.421509
1673.270874
1674.119995
1674.968872
1675.817383
1676.665771
1677.513672
1678.36145
1679.208862
1680.055908
1680.902954
1681.749756
1682.595947
1683.442017
1684.287964
1685.133301
1685.97876
1686.823608
1687.668335
1688.512817
1689.356934
1690.200806
1691.044434
1691.887695
1692.730835
1693.573608
1694.416138
1695.258423
1696.100342
1696.942017
1697.783569
1698.624512
1699.465576
1700.306152
1701.146484
1701.98645
1702.826172
1703.665771
1704.504883
1705.343994
1706.182617
1707.020996
1707.859009
1708.697021
1709.534668
1710.371826
1711.208984
1712.045654
1712.88208
1713.718384
1714.554199
1715.390015
1716.225464
1717.060425
1717.895386
1718.72998
1719.564087
1720.398193
1721.231934
1722.06543
1722.898682
1723.731567
1724.564209
1725.396606
1726.228638
1727.060425
1727.89209
1728.723511
1729.554443
1730.385132
1731.215698
1732.045776
1732.875854
1733.705444
1734.53479
1735.363892
1736.192749
1737.021484
1737.849609
1738.677734
1739.505493
1740.332886
1741.160034
1741.987061
1742.813721
1743.640015
1744.466187
1745.291992
1746.117676
1746.942993
1747.767944
1748.592651
1749.417236
1750.241333
1751.065186
1751.888916
1752.712402
1753.5354
1754.358276
1755.180908
1756.003174
1756.825073
1757.646851
1758.468506
1759.289551
1760.110474
1760.931274
1761.751831
1762.571777
1763.391602
1764.211182
1765.030518
1765.849487
1766.668457
1767.486816
1768.305054
1769.122925
1769.940674
1770.758179
1771.575195
1772.39209
1773.208618
1774.024902
1774.841064
1775.65686
1776.472412
1777.287476
1778.102539
1778.917358
1779.731689
1780.545898
1781.359741
1782.173462
1782.986694
1783.799805
1784.612549
1785.425049
1786.237427
1787.049438
1787.861084
1788.672607
1789.483887
1790.294556
1791.105347
1791.915649
1792.72583
1793.535645
1794.345093
1795.154541
1795.963501
1796.772095
1797.580566
1798.388916
1799.196899
1800.004517
1800.811768
1801.619019
1802.425781
1803.232544
1804.038696
1804.844849
1805.650635
1806.456177
1807.261353
1808.066284
1808.870972
1809.675415
1810.479614
1811.283447
1812.087036
1812.890503
1813.693604
1814.496338
1815.29895
1816.101196
1816.903198
1817.704956
1818.506348
1819.307617
1820.108521
1820.909302
1821.709595
1822.509644
1823.309448
1824.109009
1824.908447
1825.70752
1826.506226
1827.30481
1828.103027
1828.900879
1829.69873
1830.496094
1831.293213
1832.09021
1832.886841
1833.683228
1834.479126
1835.275024
1836.070557
1836.865967
1837.661011
1838.455811
1839.250122
1840.044434
1840.838379
1841.63208
1842.425537
1843.21875
1844.011475
1844.804077
1845.596436
1846.38855
1847.180298
1847.971924
1848.763062
1849.554077
1850.344727
1851.135254
1851.925659
1852.715454
1853.505005
1854.294434
1855.083618
1855.872437
1856.661133
1857.449463
1858.237427
1859.025269
1859.812744
1860.600098
1861.387085
1862.173828
1862.960327
1863.74646
1864.532471
1865.318115
1866.103516
1866.888672
1867.673462
1868.458008
1869.24231
1870.026489
1870.810303
1871.593628
1872.377075
1873.160034
1873.942871
1874.725098
1875.507324
1876.289307
1877.071045
1877.852417
1878.633545
1879.414429
1880.195068
1880.975342
1881.755371
1882.535278
1883.314819
1884.094116
1884.873169
1885.651855
1886.430298
1887.208496
1887.98645
1888.76416
1889.541504
1890.318726
1891.095581
1891.872314
1892.648682
1893.424683
1894.200439
1894.975952
1895.751343
1896.526367
1897.301147
1898.075684
1898.849854
1899.623901
1900.397583
1901.171021
1901.944214
1902.717163
1903.489746
1904.262085
1905.034302
1905.806152
1906.577759
1907.349121
1908.119995
1908.890869
1909.661499
1910.431763
1911.20166
1911.971436
1912.740967
1913.51001
1914.279053
1915.047852
1915.816284
1916.584351
1917.352295
1918.119995
1918.887451
1919.654541
1920.421265
1921.187744
1921.954102
1922.720093
1923.485962
1924.251465
1925.016724
1925.78186
1926.546509
1927.311035
1928.075317
1928.839233
1929.602905
1930.366333
1931.129395
1931.892334
1932.655029
1933.41748
1934.179565
1934.941284
1935.702881
1936.464233
1937.225342
1937.985962
1938.746582
1939.506958
1940.266968
1941.026733
1941.786255
1942.54541
1943.304443
1944.06311
1944.821533
1945.579712
1946.337769
1947.095337
1947.852783
1948.609985
1949.366821
1950.123291
1950.879639
1951.635742
1952.391602
1953.147095
1953.902466
1954.657593
1955.412231
1956.16687
1956.920898
1957.674927
1958.428711
1959.182251
1959.935547
1960.688354
1961.441162
1962.193604
1962.945801
1963.697754
1964.449341
1965.200684
1965.951904
1966.702759
1967.453369
1968.203613
1968.953735
1969.703613
1970.453247
1971.202515
1971.95166
1972.700439
1973.448853
1974.197144
1974.94519
1975.692871
1976.440308
1977.187622
1977.934692
1978.681274
1979.427856
1980.174072
1980.919922
1981.665527
1982.410889
1983.15625
1983.901245
1984.645874
1985.390259
1986.134399
1986.878296
1987.621826
1988.365234
1989.108276
1989.851074
1990.593628
1991.33606
1992.078003
1992.819946
1993.561401
1994.302612
1995.043701
1995.784546
1996.525024
1997.265137
1998.005249
1998.744873
1999.484375
2000.223511
2000.962524
2001.701294
2002.439697
2003.177856
2003.915771
2004.65332
2005.390991
2006.128174
2006.86499
2007.601563
2008.338135
2009.074219
2009.810059
2010.545654
2011.281006
2012.016113
2012.750854
2013.485474
2014.219849
2014.953979
2015.687744
2016.421387
2017.154663
2017.887695
2018.620483
2019.353027
2020.085327
2020.817261
2021.549072
2022.28064
2023.011963
2023.742798
2024.473633
2025.203979
2025.934204
2026.664185
2027.393921
2028.123413
2028.852661
2029.581543
2030.310303
2031.038696
2031.766968
2032.494873
2033.222534
2033.949951
2034.677246
2035.404053
2036.130615
2036.857178
2037.583374
2038.309204
2039.03479
2039.760132
2040.485352
2041.210205
2041.934692
2042.659058
2043.383301
2044.1073
2044.830811
2045.554199
2046.2771
2047
